1 2501
1 275
1 594
1 1980
1 2796
1 1487
1 2365
1 1225
1 2917
1 1657
2 1674
2 1062
2 1553
2 1010
2 204
2 3129
2 526
2 1977
2 626
2 3144
3 634
3 2814
3 661
3 1496
3 1251
3 205
3 1138
3 3171
3 303
3 1988
4 717
4 1233
4 2515
4 1165
4 2377
4 2738
4 2969
4 2895
4 2848
4 1253
5 1395
5 1671
5 2357
5 2956
5 2469
5 892
5 2126
5 1460
5 8
5 2629
6 1251
6 1675
6 2491
6 2616
6 3198
6 8
6 77
6 761
6 400
6 1009
7 1623
7 1870
7 46
7 1243
7 3144
7 2871
7 1440
7 2912
7 3043
7 2111
8 2158
8 1685
8 1611
8 2371
8 2541
8 1461
8 912
8 2951
8 828
8 820
9 59
9 2849
9 1685
9 1611
9 2371
9 1461
9 3137
9 828
9 2578
9 2995
10 1367
10 2895
10 249
10 628
10 651
10 35
10 1302
10 2814
10 34
10 1795
11 2956
11 724
11 3148
11 2091
11 2699
11 1923
11 3171
11 2906
11 1872
11 1903
12 652
12 1360
12 2374
12 18
12 1996
12 3137
12 2867
12 2690
12 25
12 1461
13 1414
13 1757
13 2611
13 66
13 1795
13 230
13 1064
13 1655
13 1289
13 797
14 2158
14 2691
14 1374
14 2174
14 717
14 1373
14 2426
14 2337
14 2679
14 1873
15 2713
15 2731
15 3125
15 1548
15 1755
15 2671
15 1183
15 2174
15 8
15 77
16 1199
16 2378
16 3148
16 2184
16 2582
16 822
16 400
16 2266
16 2629
16 1461
17 7
17 10
17 13
17 19
17 1223
17 2253
17 2491
17 2748
17 210
17 1275
18 1204
18 797
18 1988
18 1367
18 2138
18 2685
18 1275
18 651
18 249
18 1795
19 141
19 371
19 804
19 1374
19 2417
19 1342
19 1660
19 1796
19 1952
19 2007
20 1373
20 2986
20 2769
20 2524
20 2830
20 955
20 1563
20 1660
20 1796
20 1952
21 2955
21 3055
21 2426
21 1496
21 1619
21 2337
21 2504
21 2505
21 371
21 2325
22 57
22 2318
22 82
22 1569
22 1735
22 2913
22 2337
22 1281
22 1551
22 3193
23 2454
23 2081
23 2426
23 2114
23 2615
23 1275
23 2630
23 657
23 2505
23 371
24 1194
24 3120
24 942
24 1410
24 927
24 293
24 268
24 2844
24 412
24 20
25 1949
25 2634
25 436
25 4
25 7
25 10
25 13
25 19
25 143
25 2318
26 2995
26 618
26 597
26 652
26 86
26 3105
26 84
26 59
26 1461
26 2578
27 651
27 2578
27 3000
27 652
27 1360
27 86
27 1996
27 84
27 59
27 1461
28 1548
28 596
28 1685
28 1728
28 2895
28 1233
28 1251
28 1718
28 1165
28 1551
29 2505
29 2644
29 1840
29 2089
29 2462
29 371
29 804
29 1537
29 1538
29 1539
30 581
30 1131
30 1702
30 1097
30 1616
30 195
30 300
30 1926
30 2876
30 1461
31 3198
31 2031
31 694
31 2174
31 1686
31 2051
31 1233
31 730
31 1440
31 1144
32 2389
32 1257
32 2174
32 1786
32 70
32 2896
32 1172
32 3139
32 2094
32 2766
33 1285
33 1334
33 1147
33 2544
33 3059
33 2226
33 1662
33 1577
33 1954
33 2043
34 1259
34 1797
34 1833
34 2266
34 2808
34 2642
34 2759
34 1567
34 332
34 718
35 503
35 1999
35 1038
35 717
35 2426
35 442
35 454
35 842
35 371
35 2090
36 1818
36 778
36 1668
36 1917
36 2110
36 1737
36 2476
36 1669
36 2112
36 2836
37 2632
37 2000
37 1495
37 1828
37 2794
37 2184
37 2321
37 2912
37 2956
37 2560
38 3177
38 1698
38 1852
38 2082
38 536
38 2966
38 483
38 1861
38 3105
38 3069
39 1602
39 2254
39 3103
39 3105
39 2651
39 1614
39 1861
39 2078
39 2940
39 1902
40 2051
40 3198
40 1626
40 1847
40 2265
40 3173
40 2406
40 2060
40 2956
40 1588
41 822
41 2454
41 2541
41 2895
41 975
41 401
41 3128
41 2955
41 2371
41 2080
42 1870
42 4
42 7
42 10
42 13
42 19
42 462
42 2318
42 633
42 2894
43 2447
43 1553
43 633
43 436
43 1528
43 4
43 7
43 10
43 13
43 19
44 37
44 2325
44 557
44 912
44 2447
44 461
44 525
44 931
44 1208
44 436
45 409
45 1515
45 2059
45 236
45 1402
45 2452
45 2988
45 1233
45 2318
45 2114
46 2616
46 2803
46 2165
46 651
46 1032
46 329
46 944
46 2990
46 1627
46 1457
47 1173
47 2435
47 2984
47 3174
47 1359
47 239
47 1526
47 3012
47 1627
47 2318
48 1797
48 1066
48 409
48 2935
48 3010
48 1101
48 2589
48 2861
48 3122
48 2310
49 3012
49 1935
49 1101
49 2735
49 651
49 2578
49 6
49 652
49 239
49 634
50 1935
50 239
50 690
50 2278
50 2070
50 275
50 651
50 2575
50 652
50 634
51 2557
51 2426
51 1367
51 2952
51 2570
51 249
51 2505
51 3075
51 1795
51 371
52 529
52 1904
52 331
52 334
52 238
52 2271
52 2504
52 2995
52 1329
52 1131
53 453
53 725
53 67
53 1283
53 139
53 514
53 569
53 787
53 1124
53 203
54 529
54 3031
54 762
54 920
54 1902
54 651
54 2958
54 3185
54 689
54 2814
55 2112
55 559
55 640
55 2090
55 556
55 1142
55 2078
55 522
55 2814
55 3198
56 2809
56 3119
56 99
56 2616
56 1781
56 1678
56 2327
56 2449
56 1101
56 2803
57 3155
57 689
57 1458
57 2458
57 3140
57 3077
57 2700
57 1248
57 2312
57 1106
58 2310
58 1482
58 1697
58 2670
58 2994
58 660
58 2849
58 1474
58 1270
58 2604
59 1401
59 2753
59 1233
59 1457
59 1486
59 727
59 1700
59 2407
59 651
59 1456
60 2516
60 2988
60 1750
60 1165
60 2812
60 698
60 1965
60 1572
60 3026
60 1774
61 3137
61 2307
61 1808
61 2561
61 2451
61 2114
61 1935
61 2711
61 239
61 634
62 1367
62 2932
62 2685
62 2952
62 1209
62 249
62 2608
62 660
62 1368
62 1795
63 2884
63 2114
63 34
63 2895
63 3075
63 2426
63 2337
63 2630
63 1367
63 1795
64 2456
64 2185
64 973
64 1878
64 1957
64 2232
64 595
64 2756
64 2729
64 2513
