1 438
1 1391
1 1755
1 2319
1 1168
1 1069
1 2796
1 1657
1 2629
1 2371
2 1867
2 2434
2 1498
2 1214
2 1345
2 1168
2 1215
2 1424
2 847
2 597
3 799
3 205
3 1102
3 1138
3 1142
3 1466
3 2814
3 265
3 1496
3 929
4 1014
4 2377
4 3120
4 2851
4 2848
4 2895
4 2931
4 2939
4 3128
4 3043
5 1671
5 1053
5 2873
5 2299
5 1829
5 892
5 1937
5 2629
5 3011
5 1978
6 417
6 2230
6 2873
6 887
6 888
6 2502
6 2671
6 704
6 705
6 2417
7 2376
7 3104
7 2326
7 3128
7 1623
7 2111
7 2317
7 270
7 2912
7 3043
8 1752
8 2371
8 2095
8 828
8 2080
8 2541
8 1877
8 1611
8 2951
8 1461
9 1846
9 2776
9 2372
9 2371
9 828
9 3068
9 3137
9 2849
9 2578
9 1461
10 141
10 1102
10 1138
10 1142
10 1269
10 1466
10 2814
10 2266
10 2895
10 1795
11 2003
11 265
11 1860
11 3150
11 2699
11 2906
11 3148
11 2956
11 1923
11 3171
12 2578
12 2840
12 1226
12 652
12 2374
12 3137
12 2867
12 25
12 2690
12 1461
13 1901
13 230
13 267
13 797
13 2559
13 31
13 2508
13 2748
13 195
13 1947
14 1796
14 1952
14 2007
14 2348
14 2890
14 2337
14 2674
14 2819
14 3131
14 1873
15 776
15 2611
15 3029
15 1947
15 507
15 1191
15 820
15 1808
15 307
15 3125
16 2080
16 1514
16 1226
16 243
16 2378
16 2184
16 2629
16 2582
16 2740
16 1461
17 230
17 593
17 797
17 31
17 2491
17 2748
17 2253
17 195
17 1223
17 1757
18 1923
18 303
18 1223
18 2138
18 2685
18 195
18 1988
18 1852
18 249
18 1795
19 141
19 371
19 1342
19 1374
19 2417
19 1957
19 1660
19 1796
19 1952
19 2007
20 1660
20 1796
20 1952
20 2007
20 2769
20 2986
20 2630
20 1563
20 2524
20 2695
21 3184
21 1660
21 1796
21 1952
21 2007
21 2226
21 1619
21 2337
21 2435
21 2325
22 439
22 2913
22 2426
22 2751
22 2473
22 2384
22 2441
22 2564
22 2637
22 2638
23 1374
23 2417
23 2114
23 1660
23 1796
23 1952
23 2007
23 2081
23 2630
23 1873
24 1194
24 3120
24 1410
24 927
24 942
24 293
24 268
24 2844
24 412
24 20
25 1030
25 2894
25 2951
25 1938
25 143
25 2818
25 2268
25 2634
25 436
25 2318
26 3128
26 3050
26 618
26 84
26 59
26 2080
26 2840
26 3105
26 2578
26 1461
27 2740
27 84
27 1751
27 3006
27 59
27 2319
27 3000
27 2406
27 2818
27 1461
28 2007
28 2776
28 2890
28 397
28 2306
28 1601
28 828
28 2949
28 1846
28 3032
29 2524
29 2200
29 1841
29 1840
29 2462
29 804
29 1537
29 1538
29 1539
29 2089
30 3089
30 1616
30 25
30 1461
30 2690
30 2738
30 953
30 1256
30 1457
30 1926
31 3047
31 986
31 2370
31 1085
31 1793
31 2188
31 2174
31 1144
31 1839
31 1686
32 1577
32 1529
32 1286
32 1576
32 1899
32 2408
32 1905
32 3139
32 3018
32 1839
33 2544
33 1766
33 1501
33 1285
33 1577
33 1968
33 1662
33 2335
33 1954
33 2043
34 2676
34 1620
34 5
34 125
34 340
34 341
34 819
34 1080
34 1567
34 1999
35 340
35 341
35 371
35 1080
35 2417
35 1386
35 3071
35 1941
35 2414
35 2090
36 2112
36 2698
36 1178
36 1865
36 2476
36 1265
36 1020
36 1131
36 2836
36 2110
37 1960
37 2941
37 656
37 2912
37 618
37 243
37 2956
37 3103
37 2376
37 1828
38 1614
38 483
38 2958
38 2956
38 2705
38 3105
38 3103
38 3031
38 2082
38 2941
39 2957
39 2956
39 3105
39 3103
39 2254
39 2651
39 2940
39 1902
39 1614
39 1861
40 100
40 1457
40 2941
40 2975
40 1324
40 1588
40 1424
40 2956
40 627
40 793
41 3006
41 3043
41 270
41 2578
41 2912
41 1747
41 2371
41 1960
41 2080
41 2435
42 2258
42 1030
42 2634
42 2215
42 633
42 2318
42 462
42 2894
42 204
42 436
43 1272
43 1260
43 633
43 1515
43 1553
43 461
43 3197
43 931
43 525
43 1528
44 859
44 2503
44 726
44 57
44 1002
44 2447
44 461
44 931
44 2325
44 525
45 2984
45 2452
45 1960
45 275
45 656
45 2070
45 2319
45 2318
45 1226
45 2114
46 275
46 2070
46 2278
46 651
46 1136
46 634
46 2711
46 1457
46 1032
46 2990
47 2318
47 2645
47 594
47 651
47 1032
47 2288
47 634
47 798
47 275
47 2070
48 2431
48 2475
48 1729
48 2223
48 2510
48 2325
48 1863
48 2509
48 2589
48 2675
49 1935
49 275
49 2070
49 2278
49 3012
49 1514
49 634
49 652
49 239
49 651
50 2114
50 1935
50 655
50 239
50 292
50 275
50 2070
50 2278
50 651
50 634
51 2085
51 2417
51 2714
51 1957
51 1660
51 1796
51 1952
51 2007
51 2570
51 3075
52 633
52 643
52 3051
52 2725
52 238
52 1208
52 1329
52 1207
52 557
52 757
53 1870
53 1887
53 2210
53 1567
53 2769
53 373
53 1817
53 139
53 514
53 569
54 2192
54 762
54 394
54 920
54 3105
54 3031
54 1138
54 2814
54 2958
54 1902
55 556
55 920
55 1896
55 1898
55 1102
55 1138
55 1142
55 1466
55 2814
55 2921
56 1142
56 1466
56 2814
56 2931
56 2645
56 2449
56 55
56 1453
56 1678
56 2327
57 2755
57 2814
57 1183
57 223
57 1137
57 3155
57 1086
57 3140
57 3077
57 1106
58 60
58 1578
58 1816
58 1880
58 2098
58 1171
58 1474
58 2604
58 1344
58 2167
59 1681
59 2795
59 2650
59 144
59 1359
59 634
59 1700
59 653
59 292
59 1456
60 618
60 2151
60 1572
60 2988
60 1750
60 698
60 1774
60 1518
60 1532
60 2593
61 2451
61 651
61 1236
61 2114
61 2307
61 239
61 2711
61 2070
61 1935
61 634
62 2809
62 141
62 1648
62 2326
62 3007
62 1957
62 1566
62 2720
62 2932
62 1961
63 1660
63 1796
63 1952
63 2007
63 2895
63 2337
63 2884
63 3075
63 1795
63 3061
64 2725
64 2756
64 572
64 573
64 2361
64 482
64 2156
64 1024
64 627
64 793
