1 1657
1 143
1 2667
1 1071
1 2365
1 1225
1 1391
1 2875
1 2501
1 2371
2 1553
2 2874
2 1010
2 1272
2 526
2 1977
2 3129
2 626
2 740
2 3144
3 205
3 415
3 1277
3 990
3 406
3 6
3 291
3 652
3 2551
3 1787
4 3069
4 1588
4 2848
4 2060
4 1233
4 2895
4 2342
4 2851
4 2969
4 1253
5 1675
5 2592
5 2169
5 2105
5 2469
5 2126
5 2629
5 1281
5 3127
5 2247
6 8
6 77
6 3198
6 2491
6 761
6 1770
6 2616
6 136
6 400
6 1009
7 3141
7 1440
7 2895
7 2984
7 1808
7 1870
7 1601
7 3043
7 2111
7 2912
8 1045
8 1611
8 1034
8 1902
8 2541
8 1461
8 912
8 2768
8 2371
8 820
9 3070
9 1745
9 1461
9 2454
9 2374
9 3137
9 334
9 2578
9 2995
9 2371
10 1149
10 82
10 2814
10 93
10 34
10 1103
10 2478
10 2895
10 829
10 1795
11 1923
11 3171
11 2717
11 1860
11 2906
11 1872
11 1903
11 795
11 2091
11 2699
12 398
12 1168
12 3127
12 2126
12 2618
12 379
12 190
12 1755
12 2796
12 1461
13 230
13 1064
13 1655
13 1289
13 2586
13 2495
13 797
13 2748
13 2530
13 1795
14 1752
14 2679
14 3054
14 622
14 2585
14 2783
14 1790
14 788
14 2444
14 2337
15 1750
15 2944
15 2457
15 2827
15 2107
15 3054
15 3166
15 658
15 2907
15 2337
16 2003
16 2516
16 409
16 1828
16 1745
16 1168
16 1332
16 2378
16 2999
16 2376
17 1223
17 2253
17 626
17 2748
17 210
17 1275
17 1670
17 1795
17 2079
17 2491
18 2651
18 1183
18 731
18 651
18 1757
18 1149
18 2079
18 2138
18 249
18 1795
19 802
19 817
19 843
19 924
19 926
19 938
19 1074
19 1125
19 1193
19 2007
20 2442
20 2769
20 555
20 1481
20 2461
20 1961
20 1660
20 1796
20 1952
20 2172
21 3184
21 2601
21 2325
21 2426
21 2615
21 2589
21 1520
21 2675
21 1496
21 1429
22 2589
22 2337
22 1551
22 3193
22 2473
22 2004
22 2209
22 2675
22 1915
22 2745
23 1081
23 1941
23 711
23 1107
23 1778
23 2250
23 2426
23 2615
23 2589
23 2675
24 597
24 392
24 2844
24 141
24 528
24 394
24 412
24 1656
24 1233
24 20
25 436
25 2741
25 4
25 7
25 10
25 13
25 19
25 143
25 2984
25 2318
26 1071
26 2869
26 2320
26 3128
26 3105
26 59
26 2376
26 1461
26 1338
26 2578
27 84
27 2582
27 17
27 2481
27 1752
27 59
27 2399
27 1960
27 1461
27 1755
28 1263
28 1672
28 2738
28 2401
28 1718
28 2395
28 1199
28 1233
28 1165
28 1551
29 785
29 1520
29 1841
29 1840
29 2089
29 2462
29 2927
29 1537
29 1538
29 1539
30 2479
30 1828
30 2519
30 2604
30 1267
30 2876
30 1461
30 1616
30 1926
30 1440
31 1440
31 2895
31 1388
31 1281
31 1566
31 1168
31 730
31 2266
31 1144
31 2371
32 1504
32 1429
32 1725
32 1870
32 1172
32 2389
32 1563
32 2266
32 3139
32 70
33 1524
33 1692
33 3059
33 2226
33 2544
33 1662
33 1577
33 2954
33 1954
33 2043
34 2266
34 971
34 2642
34 2759
34 1567
34 2226
34 2544
34 332
34 718
34 2808
35 2399
35 265
35 1395
35 442
35 454
35 842
35 64
35 769
35 503
35 2090
36 2084
36 628
36 1737
36 2476
36 2110
36 1265
36 1669
36 2698
36 2836
36 2112
37 1270
37 2265
37 2184
37 2850
37 2229
37 2321
37 2227
37 2374
37 2912
37 2560
38 483
38 2832
38 2682
38 1281
38 1861
38 2082
38 1698
38 3069
38 3105
38 2966
39 2082
39 3105
39 1861
39 2078
39 1902
39 1602
39 2178
39 1614
39 2651
39 2940
40 1531
40 2184
40 2406
40 3173
40 1626
40 2060
40 1835
40 2877
40 1588
40 1485
41 2522
41 1611
41 3137
41 2080
41 3043
41 975
41 1751
41 1951
41 3082
41 2371
42 2286
42 827
42 3048
42 1411
42 3058
42 1009
42 462
42 2984
42 2894
42 2318
43 2447
43 633
43 436
43 3003
43 4
43 7
43 10
43 13
43 19
43 210
44 461
44 323
44 415
44 525
44 1208
44 189
44 436
44 1106
44 2
44 931
45 1233
45 2469
45 3137
45 2451
45 2372
45 2988
45 2114
45 3002
45 3119
45 3089
46 2631
46 1199
46 1518
46 1934
46 655
46 1858
46 329
46 1248
46 2165
46 1457
47 3119
47 1032
47 1267
47 2451
47 2318
47 1935
47 239
47 1526
47 2372
47 3089
48 2501
48 828
48 940
48 202
48 6
48 1797
48 2695
48 2032
48 3200
48 2366
49 1611
49 2735
49 2999
49 651
49 2578
49 6
49 652
49 2642
49 239
49 634
50 690
50 2278
50 2664
50 657
50 2070
50 275
50 651
50 2575
50 652
50 634
51 442
51 454
51 2014
51 641
51 684
51 775
51 786
51 813
51 1091
51 371
52 1518
52 238
52 2271
52 2995
52 2721
52 605
52 3070
52 1329
52 2504
52 1131
53 725
53 67
53 1283
53 139
53 514
53 569
53 787
53 1124
53 203
53 503
54 1860
54 2651
54 689
54 989
54 2814
54 2941
54 1835
54 3031
54 3170
54 2958
55 2078
55 1665
55 522
55 2814
55 3198
55 1455
55 1551
55 1588
55 1685
55 1612
56 2616
56 2032
56 2327
56 1678
56 1471
56 2449
56 1101
56 2803
56 1781
56 99
57 1278
57 1028
57 3077
57 3031
57 2609
57 3140
57 2700
57 1248
57 1106
57 2312
58 2849
58 1270
58 1474
58 2135
58 2373
58 1631
58 2994
58 2285
58 1440
58 2670
59 3030
59 2836
59 727
59 2484
59 2631
59 1116
59 1456
59 1700
59 651
59 1438
60 1774
60 3142
60 2988
60 3026
60 2277
60 3025
60 1326
60 2485
60 1572
60 1261
61 911
61 2631
61 3134
61 2307
61 1935
61 2114
61 2451
61 239
61 2711
61 634
62 1209
62 1567
62 1172
62 2515
62 249
62 660
62 1795
62 1368
62 2601
62 2608
63 1448
63 860
63 124
63 2973
63 2630
63 2426
63 2615
63 2589
63 2675
63 1795
64 527
64 2657
64 595
64 1878
64 2756
64 2232
64 598
64 2729
64 1957
64 2513
