1 2629
1 1523
1 1938
1 1657
1 1680
1 2371
1 2379
1 1591
1 1519
1 2319
2 1625
2 2863
2 3078
2 847
2 1305
2 2439
2 3202
2 2434
2 597
2 1183
3 2317
3 929
3 1459
3 2705
3 1366
3 1988
3 249
3 1098
3 2603
3 2316
4 2436
4 2376
4 2519
4 2895
4 3128
4 2939
4 3018
4 2342
4 2377
4 3043
5 1392
5 2718
5 2357
5 2145
5 1188
5 3137
5 1435
5 1742
5 2035
5 2003
6 1009
6 2417
6 242
6 2078
6 2230
6 1543
6 3035
6 2828
6 438
6 2826
7 2767
7 2902
7 270
7 2903
7 2884
7 2273
7 2950
7 371
7 3166
7 3043
8 1869
8 2197
8 2500
8 1461
8 1462
8 1685
8 3068
8 2951
8 2776
8 2625
9 2776
9 3150
9 2578
9 2138
9 1341
9 1912
9 1461
9 2372
9 1462
9 3068
10 2896
10 1459
10 1262
10 2705
10 1795
10 1366
10 249
10 1098
10 2603
10 2316
11 3171
11 249
11 2906
11 2705
11 1098
11 3150
11 2603
11 3148
11 2923
11 2316
12 2840
12 3127
12 1341
12 1912
12 2138
12 2319
12 2867
12 1461
12 1462
12 3068
13 195
13 1652
13 2078
13 2711
13 1901
13 2491
13 1362
13 48
13 2748
13 2897
14 2170
14 2679
14 2263
14 2819
14 1873
14 1724
14 2674
14 371
14 3166
14 3011
15 1676
15 3125
15 3080
15 2929
15 1947
15 2344
15 2464
15 2611
15 2835
15 1231
16 855
16 1226
16 1846
16 2160
16 2629
16 1461
16 1462
16 3068
16 1324
16 2740
17 3005
17 1652
17 2527
17 1223
17 1362
17 1757
17 48
17 2748
17 2897
17 2491
18 2603
18 2491
18 1795
18 1362
18 2316
18 48
18 1811
18 1988
18 2897
18 249
19 2902
19 1262
19 2226
19 2273
19 2767
19 950
19 2950
19 2884
19 371
19 3166
20 2884
20 2177
20 3152
20 1047
20 2289
20 2273
20 2490
20 371
20 3166
20 2630
21 3132
21 2884
21 1658
21 2454
21 2936
21 2325
21 2950
21 371
21 2226
21 3166
22 1172
22 2674
22 2924
22 2473
22 2384
22 2441
22 2564
22 2637
22 2638
22 2751
23 2767
23 2594
23 2950
23 1862
23 2884
23 3148
23 2709
23 1873
23 371
23 3166
24 1749
24 268
24 2844
24 412
24 20
24 3141
24 1696
24 2376
24 2342
24 3043
25 417
25 436
25 322
25 2535
25 2852
25 1341
25 2812
25 3136
25 1653
25 2318
26 2319
26 104
26 2867
26 2840
26 1341
26 2578
26 2626
26 1461
26 1462
26 3068
27 2902
27 2262
27 2669
27 1461
27 1462
27 2918
27 3068
27 2988
27 2798
27 3011
28 1989
28 1685
28 2849
28 2951
28 1695
28 2197
28 2776
28 2890
28 2949
28 3032
29 1171
29 1783
29 1841
29 1840
29 2462
29 1537
29 1538
29 2089
29 1539
29 1933
30 2198
30 1462
30 2985
30 1324
30 2138
30 1387
30 2882
30 3150
30 1341
30 1912
31 3013
31 533
31 2826
31 2727
31 2370
31 1424
31 1261
31 1144
31 1686
31 3047
32 2883
32 1529
32 2484
32 1563
32 1847
32 2490
32 2289
32 3139
32 2630
32 2177
33 1353
33 1501
33 1104
33 1809
33 1954
33 2043
33 2805
33 1404
33 1782
33 2325
34 125
34 340
34 341
34 819
34 1080
34 1440
34 1999
34 1643
34 1644
34 1524
35 2767
35 1941
35 2415
35 1474
35 371
35 2414
35 2090
35 3071
35 1397
35 1386
36 2652
36 1162
36 2546
36 1768
36 2739
36 1350
36 2030
36 1265
36 2061
36 2110
37 2632
37 618
37 3031
37 2470
37 2941
37 3103
37 2376
37 2956
37 2651
37 2265
38 2141
38 2046
38 2406
38 2941
38 1359
38 3031
38 2956
38 3103
38 2958
38 2651
39 2705
39 2603
39 2956
39 2316
39 1098
39 2958
39 1861
39 3103
39 2406
39 2651
40 1459
40 2956
40 1485
40 2705
40 1366
40 249
40 2406
40 2603
40 2316
40 1098
41 2138
41 2327
41 1387
41 1754
41 3148
41 3150
41 1912
41 1341
41 3043
41 2578
42 2894
42 204
42 436
42 2402
42 2535
42 678
42 2215
42 462
42 1653
42 2318
43 1654
43 525
43 2494
43 1809
43 633
43 1404
43 3107
43 1260
43 1554
43 2569
44 931
44 1365
44 633
44 525
44 1809
44 2494
44 2325
44 1260
44 1404
44 2829
45 1976
45 2114
45 2452
45 2542
45 2984
45 3137
45 2319
45 1032
45 1412
45 2318
46 3134
46 2711
46 1032
46 1516
46 2990
46 1699
46 891
46 329
46 1653
46 1457
47 1457
47 1032
47 275
47 2070
47 2990
47 3134
47 1236
47 1699
47 891
47 2288
48 2509
48 2646
48 2767
48 2884
48 2325
48 2226
48 2273
48 3166
48 371
48 1066
49 1514
49 1912
49 1324
49 2479
49 239
49 2985
49 1699
49 651
49 2882
49 3134
50 2278
50 1032
50 651
50 634
50 1811
50 2288
50 1699
50 1457
50 3134
50 891
51 950
51 2950
51 2884
51 2714
51 3156
51 371
51 3166
51 3075
51 3006
51 1811
52 1329
52 1928
52 1207
52 2749
52 557
52 757
52 1030
52 3070
52 1366
52 2721
53 373
53 1817
53 1948
53 1887
53 495
53 2327
53 2981
53 139
53 514
53 569
54 2842
54 3031
54 1098
54 2406
54 2705
54 2155
54 2470
54 3103
54 2651
54 2958
55 3064
55 2603
55 2316
55 2921
55 2650
55 1993
55 1355
55 1739
55 1896
55 1898
56 1397
56 1366
56 1678
56 249
56 1098
56 2323
56 2931
56 2603
56 2316
56 2327
57 1
57 176
57 209
57 1132
57 196
57 437
57 3140
57 1137
57 1106
57 3077
58 1631
58 3166
58 1591
58 2541
58 3087
58 2634
58 1474
58 2379
58 1252
58 1344
59 3134
59 2437
59 1703
59 1620
59 891
59 1456
59 2268
59 2808
59 1441
59 1681
60 2138
60 1572
60 2151
60 3136
60 2876
60 2882
60 1518
60 3087
60 3025
60 2967
61 2070
61 2307
61 891
61 1457
61 3129
61 1935
61 3134
61 1236
61 2711
61 634
62 2700
62 2896
62 2326
62 3086
62 1262
62 1948
62 950
62 2932
62 1961
62 2327
63 2273
63 2767
63 1795
63 3061
63 950
63 2950
63 2679
63 2884
63 371
63 3166
64 1878
64 3112
64 3106
64 2723
64 2651
64 1549
64 527
64 2513
64 2168
64 1588
