1 1657
1 1393
1 1264
1 1304
1 2371
1 1591
1 2319
1 1033
1 1523
1 1938
2 1764
2 2735
2 3129
2 1364
2 3034
2 727
2 1619
2 1062
2 1931
2 3059
3 2864
3 2867
3 1834
3 2317
3 1366
3 2603
3 1196
3 1365
3 3135
3 1098
4 3135
4 1665
4 3128
4 1886
4 1135
4 2940
4 2572
4 2377
4 2931
4 2342
5 2145
5 2860
5 695
5 2002
5 1392
5 1671
5 409
5 1435
5 2357
5 2035
6 1877
6 2893
6 1365
6 2940
6 2154
6 1387
6 2264
6 2216
6 2931
6 2721
7 2950
7 2864
7 1834
7 2111
7 2289
7 2572
7 2623
7 1854
7 1928
7 2317
8 1062
8 912
8 2345
8 820
8 3103
8 1387
8 2852
8 2166
8 2147
8 2776
9 2776
9 1324
9 2741
9 3183
9 2111
9 1387
9 1928
9 1341
9 1489
9 2372
10 1098
10 651
10 1302
10 2705
10 1158
10 2603
10 2814
10 2316
10 249
10 1795
11 3148
11 1923
11 3171
11 249
11 2603
11 2316
11 1872
11 2906
11 1903
11 2923
12 1341
12 1324
12 2111
12 2867
12 2319
12 3127
12 1912
12 3068
12 1462
12 1461
13 1655
13 1444
13 1362
13 1289
13 2897
13 1757
13 1922
13 797
13 66
13 2748
14 1747
14 1111
14 86
14 1726
14 3015
14 1632
14 2950
14 1135
14 2827
14 1196
15 2874
15 1570
15 2314
15 1750
15 1834
15 86
15 84
15 59
15 2827
15 2835
16 3183
16 84
16 855
16 59
16 2317
16 2358
16 2741
16 1928
16 2979
16 409
17 2623
17 1366
17 1658
17 1834
17 2979
17 86
17 2491
17 84
17 3000
17 59
18 409
18 618
18 2705
18 1247
18 1158
18 1711
18 1366
18 1988
18 249
18 1795
19 2896
19 1342
19 2007
19 2884
19 1660
19 1796
19 1952
19 3166
19 2902
19 371
20 955
20 2480
20 2627
20 2674
20 1047
20 185
20 3152
20 1660
20 1796
20 1952
21 1711
21 2679
21 1719
21 2389
21 1489
21 2968
21 2370
21 2325
21 409
21 371
22 3093
22 2979
22 2370
22 3032
22 3028
22 2572
22 1931
22 2840
22 1711
22 2147
23 1489
23 2709
23 3043
23 2968
23 2433
23 2370
23 2276
23 1862
23 409
23 371
24 927
24 3141
24 293
24 1696
24 2342
24 268
24 412
24 2376
24 2844
24 3043
25 1196
25 2634
25 1366
25 1834
25 1719
25 84
25 59
25 2812
25 2318
25 1653
26 3011
26 2939
26 3068
26 2626
26 2888
26 1461
26 1387
26 2840
26 1341
26 2578
27 2867
27 86
27 84
27 1196
27 1725
27 3000
27 59
27 2798
27 3068
27 3011
28 1315
28 1928
28 1387
28 2289
28 1365
28 2892
28 2163
28 2216
28 2572
28 2776
29 2089
29 2462
29 2229
29 1537
29 1538
29 1840
29 1783
29 1539
29 371
29 1933
30 1341
30 2876
30 2882
30 2840
30 2624
30 2479
30 1462
30 195
30 1912
30 1461
31 1194
31 3076
31 1236
31 796
31 2302
31 2931
31 1671
31 1381
31 670
31 3013
32 1411
32 2819
32 2163
32 3139
32 2216
32 2630
32 1847
32 2883
32 2289
32 2177
33 1135
33 2805
33 2554
33 2721
33 3160
33 2113
33 2181
33 2916
33 2233
33 1325
34 2631
34 1632
34 3096
34 982
34 2194
34 2827
34 3135
34 2178
34 1196
34 1834
35 1658
35 409
35 1628
35 1474
35 1396
35 2090
35 1696
35 1386
35 371
35 1397
36 1737
36 1863
36 2739
36 2061
36 2509
36 1350
36 1162
36 2030
36 1265
36 2110
37 2051
37 1665
37 2186
37 1003
37 2113
37 2470
37 2202
37 2195
37 2265
37 3048
38 3069
38 2876
38 1847
38 497
38 2305
38 2622
38 2905
38 1433
38 1890
38 1408
39 2956
39 3103
39 2254
39 2998
39 2705
39 1098
39 3105
39 2940
39 2603
39 2651
40 2807
40 2940
40 1485
40 2051
40 1612
40 2603
40 1459
40 1098
40 1588
40 2316
41 1366
41 2314
41 2623
41 1711
41 2111
41 3148
41 1928
41 3000
41 84
41 59
42 1489
42 2812
42 2866
42 633
42 1719
42 1680
42 2634
42 2318
42 2370
42 1653
43 2494
43 2874
43 3055
43 2623
43 1308
43 59
43 2812
43 3143
43 1366
43 1834
44 1507
44 1809
44 525
44 2812
44 1260
44 3078
44 2829
44 2494
44 2325
44 1404
45 1680
45 3090
45 2541
45 2319
45 1976
45 3181
45 1032
45 2318
45 1194
45 1412
46 409
46 1194
46 2572
46 2389
46 3092
46 2842
46 1457
46 1032
46 329
46 1653
47 2402
47 3015
47 3012
47 3050
47 1307
47 2746
47 1665
47 1699
47 3134
47 2990
48 1728
48 2181
48 1834
48 2646
48 2154
48 3160
48 2308
48 1135
48 2198
48 2486
49 2741
49 1341
49 2479
49 3134
49 1457
49 1699
49 2985
49 2990
49 1387
49 2882
50 1699
50 2147
50 2888
50 1927
50 1746
50 2896
50 2288
50 891
50 1457
50 634
51 2679
51 1680
51 2723
51 1752
51 1489
51 2968
51 2370
51 409
51 3006
51 371
52 3028
52 2370
52 3183
52 1783
52 1489
52 2979
52 1366
52 1711
52 2147
52 1928
53 888
53 787
53 1124
53 203
53 1501
53 717
53 139
53 2714
53 514
53 569
54 2494
54 2864
54 2958
54 59
54 1135
54 2314
54 1098
54 1196
54 2178
54 1834
55 3138
55 1355
55 1264
55 1846
55 2705
55 2002
55 1650
55 2500
55 2194
55 3056
56 2198
56 1194
56 2181
56 2470
56 2002
56 2931
56 1366
56 2233
56 2302
56 2842
57 2458
57 1695
57 689
57 2219
57 2597
57 1106
57 1835
57 1934
57 3140
57 3077
58 2357
58 1264
58 1252
58 1719
58 1366
58 409
58 1711
58 2634
58 1344
58 3087
59 3087
59 1441
59 2194
59 1457
59 2127
59 944
59 1711
59 1456
59 2059
59 144
60 3087
60 1152
60 1489
60 944
60 2500
60 3142
60 1264
60 3025
60 2127
60 1462
61 2882
61 1699
61 3129
61 3134
61 2194
61 2486
61 1457
61 3137
61 634
61 2711
62 249
62 2952
62 1247
62 1368
62 3046
62 2357
62 2200
62 3098
62 1711
62 2164
63 3143
63 2679
63 2276
63 1158
63 1711
63 2370
63 2968
63 1795
63 409
63 371
64 1456
64 1588
64 3188
64 2723
64 2729
64 1530
64 3202
64 1390
64 409
64 1878
