1 1680
1 1827
1 1033
1 1657
1 1591
1 2371
1 1523
1 2379
1 1938
1 2319
2 2434
2 497
2 1977
2 1519
2 1931
2 3059
2 727
2 3078
2 1364
2 335
3 1496
3 2317
3 2705
3 1387
3 1304
3 1988
3 1366
3 2603
3 1098
3 2316
4 2916
4 2519
4 2905
4 409
4 3103
4 2931
4 3043
4 1135
4 2377
4 2342
5 1742
5 2542
5 3137
5 1671
5 2629
5 1188
5 2357
5 2035
5 1435
5 2003
6 2389
6 2195
6 1867
6 2721
6 3035
6 1014
6 2826
6 2828
6 1543
6 2931
7 3166
7 2317
7 3148
7 2342
7 2903
7 2950
7 2912
7 1854
7 371
7 3043
8 3068
8 2858
8 1461
8 2500
8 2371
8 912
8 1685
8 2951
8 2776
8 2625
9 2371
9 1928
9 2951
9 1387
9 2578
9 1685
9 2776
9 1461
9 2372
9 3068
10 651
10 2685
10 2705
10 1262
10 1366
10 1098
10 249
10 2603
10 1795
10 2316
11 3150
11 3171
11 2603
11 1872
11 2906
11 1903
11 3148
11 2699
11 2316
11 2923
12 1247
12 2246
12 2867
12 2740
12 1930
12 2319
12 1462
12 3127
12 3068
12 1461
13 2835
13 1652
13 2078
13 797
13 2491
13 1901
13 48
13 2748
13 1362
13 2897
14 2181
14 307
14 2950
14 1961
14 3166
14 2876
14 2819
14 3087
14 3011
14 1724
15 1947
15 3125
15 2616
15 2929
15 3080
15 2464
15 2344
15 2611
15 1231
15 2835
16 1748
16 855
16 2452
16 2629
16 2160
16 3141
16 2740
16 1135
16 1461
16 409
17 1658
17 3080
17 1652
17 1134
17 48
17 2748
17 2897
17 1362
17 1757
17 2491
18 1852
18 2685
18 2316
18 1362
18 3075
18 2897
18 1795
18 1988
18 249
18 1811
19 392
19 2896
19 950
19 1660
19 1796
19 1952
19 1601
19 1262
19 3166
19 371
20 1660
20 1796
20 1952
20 2490
20 1563
20 2506
20 1047
20 371
20 3152
20 2630
21 876
21 1659
21 2389
21 2936
21 2454
21 1658
21 2950
21 3166
21 2325
21 371
22 371
22 2188
22 2924
22 2751
22 2638
22 2564
22 2637
22 2441
22 2384
22 2473
23 2950
23 1525
23 1862
23 2594
23 3043
23 2276
23 3166
23 2709
23 3148
23 371
24 1749
24 2371
24 1748
24 3141
24 2376
24 2342
24 412
24 1696
24 268
24 3043
25 1196
25 2344
25 1938
25 3048
25 2812
25 1719
25 2542
25 436
25 2318
25 1653
26 1387
26 2867
26 1290
26 1462
26 2578
26 2319
26 2840
26 3068
26 2626
26 1461
27 3000
27 2918
27 2902
27 2319
27 2988
27 3068
27 2669
27 2798
27 1461
27 3011
28 1928
28 2849
28 1989
28 1695
28 2949
28 2951
28 2197
28 2776
28 3032
28 2890
29 2644
29 2229
29 1841
29 2089
29 2462
29 1933
29 1537
29 1538
29 1840
29 1539
30 1387
30 2312
30 84
30 3150
30 2876
30 2882
30 1256
30 3142
30 1461
30 195
31 3015
31 2283
31 2188
31 2370
31 1381
31 1543
31 1144
31 3047
31 3013
31 1327
32 2980
32 2490
32 2883
32 2630
32 1961
32 3139
32 2289
32 2484
32 1847
32 2177
33 2195
33 3016
33 1423
33 1809
33 1147
33 2805
33 70
33 2554
33 1954
33 2043
34 1031
34 2194
34 1643
34 435
34 1875
34 1644
34 2808
34 1386
34 1867
34 1524
35 2560
35 3007
35 1214
35 2165
35 2850
35 371
35 1386
35 2090
35 1397
35 1474
36 1737
36 2112
36 1350
36 2739
36 2030
36 2476
36 1131
36 2061
36 2110
36 1265
37 2958
37 2113
37 2184
37 2632
37 2060
37 3048
37 2195
37 2956
37 2470
37 2265
38 3069
38 3031
38 2956
38 2905
38 2958
38 3059
38 497
38 2931
38 1931
38 2470
39 2603
39 1614
39 1861
39 1098
39 2956
39 2940
39 2406
39 2958
39 3103
39 2651
40 1459
40 1457
40 2956
40 1366
40 2603
40 1485
40 2406
40 1588
40 2316
40 1098
41 2342
41 1572
41 3128
41 3082
41 3137
41 1748
41 2198
41 2578
41 3043
41 3148
42 2370
42 2402
42 2231
42 2215
42 436
42 2542
42 204
42 2318
42 462
42 1653
43 3100
43 3125
43 2754
43 2847
43 1554
43 3107
43 3046
43 1404
43 409
43 2569
44 1855
44 1034
44 2494
44 1809
44 525
44 1260
44 2523
44 2325
44 1404
44 2829
45 2319
45 2816
45 1032
45 3134
45 3137
45 2114
45 2542
45 2452
45 1976
45 2318
46 1236
46 1699
46 2542
46 891
46 2990
46 3134
46 1032
46 1653
46 329
46 1457
47 2318
47 2288
47 2882
47 891
47 2990
47 1699
47 1457
47 3012
47 1236
47 3134
48 2198
48 1457
48 2226
48 2314
48 2417
48 1809
48 3166
48 2325
48 409
48 1066
49 2479
49 1032
49 3012
49 1387
49 2990
49 1699
49 1457
49 651
49 3134
49 2882
50 1699
50 275
50 3075
50 2288
50 651
50 3134
50 891
50 634
50 1457
50 1811
51 82
51 1262
51 2017
51 2714
51 1752
51 3156
51 3006
51 3075
51 371
51 1811
52 2749
52 1329
52 3048
52 1870
52 1030
52 557
52 1928
52 3070
52 2721
52 1366
53 203
53 2714
53 2981
53 1186
53 1501
53 1817
53 2031
53 139
53 569
53 514
54 2705
54 3103
54 1834
54 2178
54 1098
54 3031
54 2155
54 2470
54 2842
54 2958
55 2921
55 1665
55 3056
55 1846
55 2650
55 1993
55 1739
55 1898
55 1896
55 1355
56 1098
56 2195
56 464
56 2316
56 1366
56 2470
56 2931
56 2842
56 2645
56 2327
57 2506
57 2700
57 1934
57 1132
57 196
57 437
57 1137
57 3140
57 1106
57 3077
58 1631
58 1366
58 1987
58 3138
58 3087
58 1816
58 1252
58 1474
58 2634
58 1344
59 2059
59 1665
59 1112
59 2484
59 28
59 1456
59 1235
59 144
59 1457
59 944
60 1572
60 3142
60 2593
60 2882
60 2816
60 1462
60 2876
60 695
60 2967
60 3087
61 2437
61 1287
61 2882
61 2451
61 3134
61 1236
61 3129
61 1457
61 2711
61 634
62 1648
62 2327
62 2430
62 2790
62 2342
62 2952
62 2685
62 2932
62 1368
62 1961
63 2342
63 1158
63 1601
63 2950
63 2767
63 1262
63 2896
63 3166
63 1795
63 371
64 1957
64 1549
64 1853
64 1878
64 497
64 2729
64 2513
64 1051
64 1588
64 2651
