1 1908
1 2151
1 1523
1 971
1 1680
1 2319
1 1572
1 2371
1 1071
1 1938
2 2317
2 597
2 1345
2 2863
2 1183
2 2434
2 3078
2 136
2 740
2 356
3 1988
3 1788
3 1162
3 1459
3 3189
3 205
3 799
3 1134
3 2652
3 1496
4 1951
4 1601
4 740
4 356
4 1439
4 2376
4 3128
4 3043
4 2939
4 3101
5 2985
5 1272
5 2035
5 2629
5 1829
5 3011
5 2105
5 2321
5 2716
5 2003
6 1755
6 2828
6 2417
6 1009
6 1543
6 2826
6 438
6 136
6 740
6 356
7 3141
7 2317
7 1951
7 3104
7 3148
7 2912
7 2376
7 740
7 356
7 3043
8 492
8 1695
8 1261
8 1611
8 1505
8 2776
8 1685
8 2625
8 2951
8 2371
9 2197
9 2372
9 3158
9 1261
9 1695
9 3068
9 2951
9 2776
9 1685
9 2371
10 2389
10 1366
10 1306
10 1496
10 950
10 2685
10 2785
10 1162
10 2664
10 1262
11 2906
11 1162
11 2527
11 3148
11 2717
11 2923
11 3080
11 1860
11 2699
11 2246
12 1033
12 1462
12 2246
12 2379
12 1680
12 1591
12 1461
12 1930
12 2319
12 3127
13 2834
13 2888
13 2530
13 1795
13 1362
13 1901
13 1652
13 2491
13 2748
13 2897
14 2348
14 2108
14 307
14 1724
14 856
14 2964
14 2337
14 3054
14 2272
14 3011
15 1932
15 3033
15 3085
15 1719
15 2835
15 1947
15 115
15 1231
15 2897
15 2900
16 3129
16 2378
16 1210
16 2629
16 409
16 2114
16 2376
16 1226
16 3141
16 2452
17 2748
17 2888
17 1795
17 1134
17 1362
17 1652
17 1757
17 2079
17 2491
17 2897
18 2246
18 1988
18 2897
18 1162
18 1496
18 2645
18 1852
18 799
18 1811
18 1613
19 392
19 1158
19 141
19 2896
19 1601
19 2714
19 2685
19 1262
19 950
19 2664
20 3139
20 2177
20 2442
20 1047
20 936
20 777
20 2506
20 2059
20 1961
20 2170
21 355
21 2904
21 810
21 1037
21 876
21 1819
21 520
21 878
21 764
21 2787
22 2924
22 2841
22 2827
22 2751
22 2473
22 2638
22 2384
22 2441
22 2564
22 2637
23 1944
23 2649
23 1778
23 711
23 1987
23 1431
23 1951
23 2276
23 2914
23 1941
24 1588
24 1216
24 2342
24 3120
24 2912
24 2727
24 3043
24 987
24 1696
24 268
25 2535
25 1030
25 2319
25 1533
25 2859
25 1518
25 2542
25 1653
25 3048
25 2318
26 2541
26 972
26 617
26 2319
26 1680
26 1591
26 1338
26 2379
26 3128
26 2626
27 1591
27 1461
27 2902
27 2859
27 2988
27 2918
27 2669
27 2319
27 3011
27 2798
28 2949
28 2371
28 1695
28 2890
28 2197
28 1261
28 2951
28 3032
28 2776
28 1685
29 2089
29 1841
29 3037
29 2770
29 2462
29 1933
29 1537
29 1538
29 1840
29 1539
30 2629
30 2371
30 1885
30 1033
30 202
30 1938
30 1591
30 1484
30 3087
30 1926
31 2829
31 2415
31 2826
31 1144
31 1929
31 1327
31 1686
31 195
31 2125
31 3047
32 2630
32 1847
32 2619
32 1145
32 1961
32 1504
32 2155
32 2059
32 2177
32 3139
33 1662
33 1577
33 1617
33 2335
33 559
33 1501
33 2325
33 2805
33 1954
33 2043
34 640
34 1644
34 1763
34 503
34 2291
34 1633
34 1524
34 2458
34 1667
34 1893
35 265
35 2850
35 284
35 393
35 2090
35 1397
35 2165
35 1941
35 1386
35 1474
36 2476
36 1824
36 2084
36 2739
36 2030
36 1131
36 1350
36 2061
36 1265
36 2110
37 1719
37 3105
37 2912
37 618
37 2958
37 3103
37 2376
37 2956
37 2651
37 2265
38 2470
38 2939
38 2941
38 3031
38 3105
38 2956
38 2958
38 3103
38 2651
38 2265
39 2178
39 3105
39 2265
39 1614
39 2958
39 3103
39 2956
39 1861
39 2406
39 2651
40 1860
40 1098
40 2958
40 2316
40 1588
40 2937
40 1162
40 1485
40 2651
40 2406
41 3148
41 1484
41 2276
41 3082
41 1941
41 3043
41 2914
41 3137
41 2371
41 1951
42 2215
42 3048
42 1030
42 2402
42 2231
42 204
42 2494
42 462
42 1653
42 2318
43 2754
43 2841
43 1182
43 3125
43 2847
43 2310
43 3107
43 2977
43 2924
43 2569
44 1424
44 1002
44 1809
44 525
44 931
44 1260
44 1404
44 2325
44 2523
44 2829
45 1226
45 2452
45 1951
45 2114
45 3137
45 3002
45 2319
45 2318
45 1976
45 2816
46 2978
46 3134
46 1032
46 2631
46 2990
46 1653
46 1699
46 891
46 329
46 1457
47 2832
47 651
47 3134
47 1699
47 2288
47 891
47 1236
47 1032
47 1457
47 2882
48 1147
48 1806
48 1771
48 2509
48 2611
48 3069
48 2314
48 2366
48 1066
48 2325
49 1236
49 2288
49 1457
49 275
49 891
49 1699
49 2882
49 3012
49 651
49 3134
50 3075
50 651
50 2288
50 634
50 3134
50 2664
50 1613
50 1457
50 891
50 1811
51 2498
51 1825
51 3156
51 2714
51 1728
51 1924
51 3075
51 2664
51 1613
51 1811
52 2318
52 1030
52 1518
52 557
52 1366
52 1541
52 3048
52 1928
52 2721
52 3070
53 2981
53 1948
53 2769
53 2986
53 1817
53 68
53 1887
53 139
53 569
53 514
54 2227
54 3104
54 2972
54 2651
54 3103
54 3170
54 2470
54 3133
54 2842
54 2958
55 1453
55 2921
55 2998
55 3064
55 2650
55 1993
55 1898
55 1355
55 1896
55 1739
56 1678
56 2716
56 1162
56 2645
56 2931
56 1739
56 99
56 2842
56 2323
56 2327
57 3103
57 2939
57 437
57 2802
57 1
57 196
57 1137
57 3140
57 1106
57 3077
58 2139
58 2098
58 69
58 1691
58 1474
58 2634
58 2592
58 1411
58 1344
58 1631
59 1112
59 1681
59 2033
59 891
59 1786
59 2484
59 1456
59 2631
59 3134
59 2905
60 1572
60 2319
60 3025
60 2738
60 2593
60 2882
60 2967
60 2371
60 3087
60 1518
61 849
61 3129
61 1032
61 1236
61 1457
61 2307
61 2711
61 2114
61 3134
61 634
62 1648
62 2790
62 2430
62 2484
62 2932
62 2326
62 950
62 2664
62 1424
62 1961
63 1158
63 141
63 2896
63 1601
63 2714
63 1795
63 1262
63 2685
63 950
63 2664
64 3106
64 1972
64 2168
64 2513
64 1853
64 2857
64 527
64 1549
64 1588
64 2651
