1 1519
1 1657
1 971
1 1523
1 2379
1 1680
1 1591
1 2371
1 1938
1 2319
2 1014
2 3202
2 1625
2 1867
2 2439
2 597
2 2863
2 1183
2 2434
2 3078
3 62
3 1521
3 1366
3 929
3 1988
3 249
3 1098
3 2603
3 1304
3 2316
4 3073
4 2958
4 3148
4 483
4 2844
4 2342
4 2519
4 3103
4 2377
4 3043
5 173
5 2542
5 2321
5 2629
5 3137
5 2035
5 1188
5 1435
5 1742
5 2003
6 2078
6 242
6 2230
6 3035
6 1009
6 2828
6 2417
6 1543
6 438
6 2826
7 1660
7 1796
7 1952
7 3104
7 2950
7 270
7 2912
7 3166
7 371
7 3043
8 1261
8 2371
8 2830
8 2500
8 912
8 1461
8 1685
8 2951
8 2776
8 2625
9 1261
9 2371
9 2951
9 1462
9 2578
9 1685
9 2776
9 1461
9 2372
9 3068
10 2705
10 2896
10 392
10 1366
10 1262
10 249
10 1098
10 2603
10 1795
10 2316
11 249
11 2705
11 1098
11 3171
11 2603
11 2699
11 3150
11 3148
11 2923
11 2316
12 1247
12 2246
12 2867
12 2740
12 1930
12 2319
12 1462
12 3068
12 3127
12 1461
13 2078
13 2835
13 195
13 1652
13 48
13 2491
13 1901
13 2748
13 1362
13 2897
14 2563
14 2348
14 1191
14 2674
14 2816
14 371
14 2876
14 307
14 1724
14 3011
15 2616
15 2929
15 3080
15 307
15 1947
15 2344
15 2464
15 1231
15 2611
15 2835
16 2160
16 3068
16 1846
16 2629
16 409
16 1226
16 3141
16 307
16 1461
16 2740
17 2835
17 195
17 1652
17 1223
17 48
17 2748
17 1362
17 2897
17 2491
17 1757
18 2685
18 3156
18 1852
18 1362
18 1795
18 3075
18 2897
18 1988
18 249
18 1811
19 2896
19 392
19 1660
19 1796
19 1952
19 1601
19 950
19 1262
19 3166
19 371
20 936
20 2177
20 777
20 349
20 2490
20 1047
20 2442
20 371
20 2506
20 2630
21 3007
21 1659
21 876
21 2950
21 2936
21 1658
21 2226
21 2325
21 371
21 3166
22 2924
22 266
22 2188
22 2751
22 2473
22 2638
22 2384
22 2441
22 2564
22 2637
23 1660
23 1796
23 1952
23 2578
23 3043
23 2276
23 2709
23 371
23 3166
23 3148
24 1748
24 2371
24 1749
24 3141
24 2376
24 412
24 1696
24 2342
24 268
24 3043
25 3136
25 444
25 1719
25 2812
25 1374
25 1938
25 2542
25 436
25 2318
25 1653
26 617
26 2632
26 2578
26 2709
26 2840
26 2319
26 1462
26 3068
26 2626
26 1461
27 2859
27 3068
27 2902
27 2988
27 2669
27 2918
27 2319
27 2798
27 1461
27 3011
28 1261
28 2197
28 1685
28 2371
28 2951
28 2849
28 2949
28 2776
28 2890
28 3032
29 2229
29 804
29 1841
29 2089
29 1933
29 2462
29 1537
29 1538
29 1840
29 1539
30 1572
30 1324
30 1341
30 1387
30 1196
30 1461
30 25
30 3150
30 2882
30 1256
31 2826
31 1660
31 1796
31 1952
31 1686
31 1144
31 2415
31 1327
31 3047
31 195
32 2430
32 1847
32 2484
32 1481
32 2172
32 2490
32 2461
32 3139
32 2630
32 2177
33 1104
33 3016
33 2335
33 1782
33 1809
33 2805
33 1501
33 2325
33 1954
33 2043
34 341
34 5
34 1999
34 340
34 1440
34 1803
34 35
34 1949
34 1644
34 1524
35 371
35 2165
35 3007
35 2414
35 2850
35 1941
35 2090
35 1386
35 1397
35 1474
36 1399
36 2698
36 2476
36 1350
36 2739
36 2030
36 1131
36 2061
36 1265
36 2110
37 676
37 794
37 1828
37 2243
37 618
37 3103
37 2376
37 2956
37 2651
37 2265
38 463
38 583
38 2941
38 2082
38 1359
38 3031
38 2956
38 2651
38 3103
38 2958
39 2705
39 2316
39 1614
39 1098
39 2956
39 1861
39 2958
39 3103
39 2406
39 2651
40 1457
40 1466
40 1485
40 2705
40 1366
40 249
40 2603
40 2406
40 2316
40 1098
41 2371
41 1754
41 1780
41 2327
41 2323
41 3082
41 3137
41 3148
41 2578
41 3043
42 2641
42 2542
42 2402
42 2231
42 2215
42 436
42 2318
42 462
42 204
42 1653
43 2703
43 1260
43 3046
43 633
43 2341
43 2754
43 2847
43 1554
43 3107
43 2569
44 1141
44 633
44 1034
44 1809
44 2523
44 1260
44 525
44 2325
44 1404
44 2829
45 2319
45 2542
45 2816
45 1226
45 2984
45 3137
45 2452
45 2114
45 1976
45 2318
46 2542
46 3134
46 1032
46 1699
46 2990
46 2711
46 891
46 329
46 1653
46 1457
47 2882
47 634
47 2318
47 1236
47 3134
47 1699
47 275
47 1457
47 2288
47 891
48 1809
48 2884
48 2767
48 1658
48 2273
48 2226
48 1066
48 3166
48 371
48 2325
49 634
49 2288
49 652
49 239
49 891
49 1699
49 1457
49 2882
49 3134
49 651
50 1699
50 275
50 2288
50 651
50 634
50 3075
50 3134
50 1457
50 891
50 1811
51 1262
51 2022
51 2017
51 3166
51 371
51 2714
51 3156
51 3006
51 3075
51 1811
52 2749
52 1329
52 1207
52 1208
52 757
52 3070
52 1030
52 557
52 2721
52 1366
53 2327
53 2031
53 1186
53 1948
53 2210
53 2981
53 1817
53 139
53 569
53 514
54 2705
54 2406
54 3031
54 2651
54 3104
54 2470
54 2842
54 2155
54 3103
54 2958
55 2316
55 1665
55 3064
55 2921
55 2650
55 1993
55 1739
55 1898
55 1355
55 1896
56 2645
56 2603
56 1898
56 1355
56 1896
56 2931
56 1678
56 2316
56 2323
56 2327
57 1132
57 176
57 209
57 1
57 437
57 196
57 1137
57 3140
57 1106
57 3077
58 1816
58 2395
58 1637
58 50
58 1474
58 1252
58 1631
58 2634
58 69
58 1344
59 1855
59 1235
59 1665
59 2268
59 3134
59 1457
59 1441
59 891
59 1456
59 1681
60 3025
60 695
60 1532
60 1518
60 2816
60 2882
60 2876
60 3087
60 2593
60 2967
61 2070
61 1935
61 2882
61 2114
61 3129
61 3134
61 1236
61 1457
61 2711
61 634
62 1368
62 1262
62 3007
62 1424
62 1648
62 2327
62 2790
62 2430
62 2932
62 1961
63 1952
63 3075
63 2884
63 1601
63 950
63 1262
63 3061
63 1795
63 371
63 3166
64 1424
64 2855
64 3112
64 3106
64 1549
64 527
64 2513
64 2168
64 1588
64 2651
