1 1827
1 1680
1 1908
1 1523
1 1033
1 1572
1 2319
1 2371
1 1071
1 1938
2 2434
2 1519
2 1977
2 3059
2 1931
2 727
2 335
2 3078
2 1364
2 740
3 2264
3 1459
3 1788
3 1988
3 1122
3 205
3 799
3 1134
3 2652
3 1496
4 1439
4 2470
4 1601
4 2931
4 1135
4 3103
4 2939
4 3101
4 3128
4 2342
5 1366
5 2629
5 1829
5 2105
5 1435
5 2035
5 2357
5 2716
5 2321
5 2003
6 1014
6 3035
6 1885
6 136
6 2317
6 2828
6 3080
6 1517
6 1543
6 2931
7 1484
7 3080
7 2376
7 3104
7 1951
7 1854
7 2912
7 2317
7 3148
7 3043
8 492
8 1261
8 2858
8 1611
8 1505
8 2776
8 2625
8 1685
8 2951
8 2371
9 2197
9 2372
9 3158
9 1261
9 1695
9 3068
9 2951
9 2776
9 1685
9 2371
10 1306
10 3184
10 1366
10 950
10 2685
10 1496
10 2785
10 1162
10 2664
10 1262
11 2527
11 3148
11 1903
11 2923
11 3080
11 2906
11 1860
11 2717
11 2246
11 2699
12 3068
12 1033
12 2246
12 2379
12 1591
12 1680
12 1930
12 2319
12 1461
12 3127
13 2078
13 2495
13 1901
13 2530
13 1652
13 1362
13 2491
13 1795
13 2748
13 2897
14 2964
14 2835
14 2017
14 3087
14 1961
14 3054
14 2272
14 3011
14 1724
14 2337
15 3033
15 2856
15 3125
15 3099
15 1947
15 1231
15 2835
15 1719
15 2897
15 2900
16 855
16 2114
16 2160
16 2376
16 2629
16 2378
16 1135
16 3141
16 409
16 2452
17 1154
17 1795
17 1757
17 1362
17 3080
17 1652
17 1134
17 2079
17 2491
17 2897
18 1162
18 2897
18 2138
18 1852
18 799
18 2645
18 1988
18 1496
18 1811
18 1613
19 1795
19 141
19 2685
19 392
19 1601
19 1158
19 2896
19 1262
19 950
19 2664
20 2177
20 2442
20 936
20 777
20 2506
20 1047
20 3139
20 2059
20 2170
20 1961
21 876
21 371
21 1429
21 878
21 764
21 1819
21 2061
21 520
21 2794
21 2787
22 2105
22 2925
22 2924
22 2751
22 2638
22 2564
22 2637
22 2441
22 2384
22 2473
23 2032
23 371
23 711
23 3148
23 2649
23 1941
23 1431
23 1951
23 2914
23 2276
24 2999
24 1216
24 3120
24 2342
24 2912
24 2727
24 3043
24 987
24 1696
24 268
25 2319
25 1719
25 3070
25 2859
25 2542
25 1533
25 1518
25 3048
25 1653
25 2318
26 1033
26 438
26 617
26 2319
26 1591
26 1680
26 2379
26 1338
26 3128
26 2626
27 1885
27 3000
27 2902
27 2988
27 2918
27 2859
27 2319
27 2669
27 3011
27 2798
28 1928
28 2969
28 1261
28 1695
28 2890
28 3032
28 2951
28 2197
28 1685
28 2776
29 610
29 3037
29 1841
29 2770
29 2462
29 1933
29 1537
29 1538
29 1840
29 1539
30 3087
30 2541
30 1938
30 3142
30 2379
30 1033
30 1484
30 1518
30 1926
30 195
31 2195
31 2829
31 1686
31 3013
31 2931
31 1543
31 1144
31 1327
31 2125
31 3047
32 2619
32 1504
32 2484
32 1145
32 1847
32 1961
32 2155
32 2059
32 2177
32 3139
33 3016
33 1147
33 1809
33 2937
33 1423
33 2805
33 70
33 2554
33 1954
33 2043
34 1031
34 1386
34 2291
34 2808
34 1567
34 1524
34 1667
34 2458
34 1893
34 1633
35 1391
35 759
35 284
35 1214
35 1397
35 265
35 2090
35 2165
35 1386
35 1474
36 2084
36 2112
36 1131
36 2030
36 2739
36 2476
36 1350
36 2061
36 2110
36 1265
37 2632
37 2113
37 2937
37 2195
37 3048
37 2958
37 2651
37 2470
37 2956
37 2265
38 2082
38 3105
38 2651
38 3031
38 1931
38 2956
38 2931
38 2958
38 2265
38 2470
39 3105
39 1614
39 2265
39 1861
39 2940
39 3103
39 2958
39 2406
39 2956
39 2651
40 1162
40 2316
40 2060
40 2956
40 1098
40 2651
40 2406
40 1588
40 2937
40 1485
41 3082
41 3087
41 1484
41 2276
41 2914
41 2371
41 3043
41 3148
41 3137
41 1951
42 3048
42 1620
42 2542
42 2231
42 2402
42 204
42 2494
42 462
42 2318
42 1653
43 2841
43 2847
43 3046
43 3107
43 1404
43 3125
43 2310
43 2977
43 2924
43 2569
44 1106
44 1002
44 1809
44 931
44 525
44 1260
44 2325
44 1404
44 2523
44 2829
45 2437
45 2344
45 3137
45 2319
45 1951
45 2452
45 2318
45 3002
45 1976
45 2816
46 1236
46 891
46 2990
46 2631
46 1699
46 3134
46 1032
46 1653
46 329
46 1457
47 2451
47 3012
47 2598
47 1699
47 2990
47 1032
47 1457
47 3134
47 2882
47 1236
48 1457
48 2186
48 3080
48 409
48 2325
48 2701
48 2366
48 2314
48 1135
48 1066
49 3137
49 651
49 2519
49 2390
49 1699
49 1236
49 1457
49 2882
49 3012
49 3134
50 1699
50 651
50 2288
50 3134
50 1613
50 634
50 891
50 2664
50 1457
50 1811
51 3006
51 2723
51 2498
51 1825
51 1728
51 3075
51 1924
51 2664
51 1613
51 1811
52 1572
52 1533
52 2318
52 1518
52 1541
52 3048
52 1366
52 2721
52 1928
52 3070
53 2769
53 1186
53 503
53 1817
53 68
53 1887
53 2986
53 139
53 569
53 514
54 2265
54 3031
54 2155
54 2651
54 3170
54 3133
54 2470
54 2227
54 2842
54 2958
55 1259
55 1846
55 3064
55 2998
55 2650
55 1993
55 1898
55 1896
55 1355
55 1739
56 2165
56 1366
56 464
56 1541
56 2470
56 2389
56 2931
56 2645
56 2327
56 2842
57 71
57 2470
57 1132
57 196
57 437
57 2802
57 1137
57 3140
57 1106
57 3077
58 70
58 3138
58 2098
58 1691
58 2592
58 1474
58 2634
58 1411
58 1344
58 1631
59 144
59 1235
59 3138
59 1112
59 3134
59 1457
59 2905
59 1456
59 944
59 2484
60 2738
60 2379
60 695
60 2967
60 1572
60 2882
60 2188
60 3025
60 1518
60 3087
61 2307
61 2631
61 2114
61 2451
61 3129
61 1236
61 1457
61 3134
61 2711
61 634
62 2952
62 1536
62 1819
62 2685
62 2932
62 1424
62 2484
62 1368
62 2664
62 1961
63 1366
63 2342
63 1158
63 2896
63 371
63 1795
63 1262
63 950
63 2685
63 2664
64 2470
64 527
64 2729
64 1931
64 3106
64 1853
64 1878
64 1051
64 1588
64 2651
